feature_name,X,Y,Z,coord,val,strike,dip,gx,gy,gz,intrusion_contact_type,intrusion_side,intrusion_anisotropy
fault_1,513243.74,5261720.04,158,0,0,,,,,,,,
fault_1,513912.01,5260856.86,161,0,0,,,,,,,,
fault_1,513165.78,5261937.23,162,0,0,,,,,,,,
fault_1,513609.42,5261216.16,194,0,0,,,,,,,,
fault_1,513405.24,5261436.03,221,0,0,,,,,,,,
fault_1,512681.28,5262599.93,261,0,0,,,,,,,,
fault_1,512920.74,5262276.93,263,0,0,,,,,,,,
fault_1,512920.74,5262276.93,263,1,0,,,,,,,,
fault_1,512336.01,5262961.9,274,0,0,,,,,,,,
fault_1,512102.12,5263195.8,297,0,0,,,,,,,,
fault_1,511668.45,5263582.16,301,0,0,,,,,,,,
fault_1,512920.74,5262276.93,263,0,,,,-0.83,-0.54,0.17,,,
fault_1,512920.74,5262276.93,263,1,,,,-0.15,-0.09,-0.98,,,
fault_2,518940.81,5255379.62,200,0,0,,,,,,,,
fault_2,519037.49,5255333.59,200,0,0,,,,,,,,
fault_2,518600.13,5255517.74,256,0,0,,,,,,,,
fault_2,515633.01,5256528.26,305,0,0,,,,,,,,
fault_2,515633.01,5256528.26,305,1,0,,,,,,,,
fault_2,515112.79,5256740.03,334,0,0,,,,,,,,
fault_2,518229.53,5255625.92,336,0,0,,,,,,,,
fault_2,516272.93,5256334.9,354,0,0,,,,,,,,
fault_2,514592.56,5256988.63,361,0,0,,,,,,,,
fault_2,514348.56,5257122.14,412,0,0,,,,,,,,
fault_2,513625.77,5257375.35,416,0,0,,,,,,,,
fault_2,514141.4,5257205.01,423,0,0,,,,,,,,
fault_2,517994.74,5255722.6,427,0,0,,,,,,,,
fault_2,517930.28,5255759.43,454,0,0,,,,,,,,
fault_2,511614.76,5257865.83,478,0,0,,,,,,,,
fault_2,511682.46,5257820.29,483,0,0,,,,,,,,
fault_2,516866.82,5256173.77,485,0,0,,,,,,,,
fault_2,513110.15,5257481.24,495,0,0,,,,,,,,
fault_2,512083.2,5257716.12,506,0,0,,,,,,,,
fault_2,512310.67,5257705.49,514,0,0,,,,,,,,
fault_2,517759.94,5255865.32,532,0,0,,,,,,,,
fault_2,511853.93,5257722.33,549,0,0,,,,,,,,
fault_2,517216.7,5256095.51,573,0,0,,,,,,,,
fault_2,517561.98,5255989.62,592,0,0,,,,,,,,
fault_2,515633.01,5256528.26,305,1,,,,0.06,0.16,-0.98,,,
fault_2,515112.79,5256740.03,334,0,,,,0.34,0.93,0.17,,,
fault_3a,519834.68,5260809.7,41,0,0,,,,,,,,
fault_3a,519736.42,5261202.76,56,0,0,,,,,,,,
fault_3a,519783.5,5260431.07,56,0,0,,,,,,,,
fault_3a,516769.2,5267002.65,61,0,0,,,,,,,,
fault_3a,516896.86,5266819.56,62,0,0,,,,,,,,
fault_3a,519555,5262238.32,64,0,0,,,,,,,,
fault_3a,519691.06,5261724.32,65,0,0,,,,,,,,
fault_3a,519063.68,5263215.3,70,0,0,,,,,,,,
fault_3a,519305.56,5262867.59,77,0,0,,,,,,,,
fault_3a,519305.56,5262867.59,77,1,0,,,,,,,,
fault_3a,519728.86,5260023.58,84,0,0,,,,,,,,
fault_3a,519728.86,5259759.02,92,0,0,,,,,,,,
fault_3a,518708.41,5263563.01,100,0,0,,,,,,,,
fault_3a,517952.53,5265552.88,102,0,0,,,,,,,,
fault_3a,519863.86,5259422.29,102,0,0,,,,,,,,
fault_3a,518025.65,5265196.93,104,0,0,,,,,,,,
fault_3a,520099.24,5259093.84,105,0,0,,,,,,,,
fault_3a,517316.8,5266129.19,120,0,0,,,,,,,,
fault_3a,518008.85,5265109.58,120,0,0,,,,,,,,
fault_3a,518043.23,5265038.87,125,0,0,,,,,,,,
fault_3a,518149.06,5264789.43,125,0,0,,,,,,,,
fault_3a,518406.06,5264419.05,135,0,0,,,,,,,,
fault_3a,519305.56,5262867.59,77,0,,,,0.85,0.49,0.17,,,
fault_3a,519305.56,5262867.59,77,1,,,,0.15,0.09,-0.98,,,
fault_3b,521364.98,5257650.67,40,0,0,,,,,,,,
fault_3b,521096.22,5258181.47,47,0,0,,,,,,,,
fault_3b,521818.51,5256805.76,47,0,0,,,,,,,,
fault_3b,521878.98,5256325.36,60,0,0,,,,,,,,
fault_3b,521996.56,5255881.9,88,0,0,,,,,,,,
fault_3b,520567.89,5258874.63,99,0,0,,,,,,,,
fault_3b,522826.36,5254105.57,100,0,0,,,,,,,,
fault_3b,522147.74,5255285.59,102,0,0,,,,,,,,
fault_3b,523827.49,5251097.15,102,0,0,,,,,,,,
fault_3b,522147.74,5255285.59,102,1,0,,,,,,,,
fault_3b,520908.04,5258594.95,105,0,0,,,,,,,,
fault_3b,523713.26,5251322.24,120,0,0,,,,,,,,
fault_3b,522812.92,5254354.18,125,0,0,,,,,,,,
fault_3b,522906.99,5253537.82,147,0,0,,,,,,,,
fault_3b,522258.6,5254892.53,149,0,0,,,,,,,,
fault_3b,522413.14,5254727.92,161,0,0,,,,,,,,
fault_3b,523528.49,5251651.47,166,0,0,,,,,,,,
fault_3b,523444.5,5251846.32,184,0,0,,,,,,,,
fault_3b,523115.27,5253280.82,189,0,0,,,,,,,,
fault_3b,523216.06,5252901.2,192,0,0,,,,,,,,
fault_3b,523300.05,5252541.73,236,0,0,,,,,,,,
fault_3b,523377.31,5252202.42,243,0,0,,,,,,,,
fault_3b,522147.74,5255285.59,102,0,,,,0.97,0.19,0.17,,,
fault_3b,522147.74,5255285.59,102,1,,,,0.17,0.03,-0.98,,,
fault_3c,523679.67,5250667.14,130,0,0,,,,,,,,
fault_3c,522990.97,5249196.52,177,0,0,,,,,,,,
fault_3c,522802.84,5248931.12,193,0,0,,,,,,,,
fault_3c,522658.38,5248753.07,210,0,0,,,,,,,,
fault_3c,522658.38,5248753.07,210,1,0,,,,,,,,
fault_3c,523310.12,5250062.43,214,0,0,,,,,,,,
fault_3c,521425.45,5246878.47,254,0,0,,,,,,,,
fault_3c,522386.27,5248588.45,257,0,0,,,,,,,,
fault_3c,521593.43,5247076.68,265,0,0,,,,,,,,
fault_3c,522261.96,5248487.67,273,0,0,,,,,,,,
fault_3c,521717.73,5247392.47,316,0,0,,,,,,,,
fault_3c,522114.15,5248265.94,338,0,0,,,,,,,,
fault_3c,521855.47,5247731.78,372,0,0,,,,,,,,
fault_3c,522033.52,5248091.25,378,0,0,,,,,,,,
fault_3c,522658.38,5248753.07,210,0,,,,0.63,-0.75,0.17,,,
fault_3c,522658.38,5248753.07,210,1,,,,0.11,-0.13,-0.98,,,
fault_3d,522311.8,5243804.33,80,0,0,,,,,,,,
fault_3d,522371.23,5242999.23,101,0,0,,,,,,,,
fault_3d,522293.36,5242847.21,101,0,0,,,,,,,,
fault_3d,522371.23,5242999.23,101,1,0,,,,,,,,
fault_3d,522355.82,5243967.22,102,0,0,,,,,,,,
fault_3d,522276.58,5243632.64,103,0,0,,,,,,,,
fault_3d,522342.62,5243077.93,114,0,0,,,,,,,,
fault_3d,522240.76,5242748.29,115,0,0,,,,,,,,
fault_3d,522285.38,5243236.42,116,0,0,,,,,,,,
fault_3d,522241.36,5243504.97,123,0,0,,,,,,,,
fault_3d,522280.98,5244116.91,129,0,0,,,,,,,,
fault_3d,522168.95,5242621.68,129,0,0,,,,,,,,
fault_3d,522241.36,5243403.71,135,0,0,,,,,,,,
fault_3d,522182.18,5242461.06,141,0,0,,,,,,,,
fault_3d,522189.74,5242317.44,158,0,0,,,,,,,,
fault_3d,522223.75,5244328.23,160,0,0,,,,,,,,
fault_3d,522197.29,5241933.83,170,0,0,,,,,,,,
fault_3d,522195.4,5242147.37,174,0,0,,,,,,,,
fault_3d,522197.33,5244535.14,187,0,0,,,,,,,,
fault_3d,522371.23,5242999.23,101,0,,,,0.98,0,0.17,,,
fault_3d,522371.23,5242999.23,101,1,,,,0.17,0,-0.98,,,
fault_3e,523353.33,5239008.08,45,0,0,,,,,,,,
fault_3e,522960.27,5240844.88,74,0,0,,,,,,,,
fault_3e,523194.59,5239590.11,81,0,0,,,,,,,,
fault_3e,523103.88,5239990.73,85,0,0,,,,,,,,
fault_3e,522930.03,5241305.97,87,0,0,,,,,,,,
fault_3e,522907.35,5241668.8,93,0,0,,,,,,,,
fault_3e,523028.3,5240308.2,95,0,0,,,,,,,,
fault_3e,523028.3,5240308.2,95,1,0,,,,,,,,
fault_3e,523028.3,5240308.2,95,0,,,,0.97,0.17,0.17,,,
fault_3e,523028.3,5240308.2,95,1,,,,0.17,0.03,-0.98,,,
fault_3f,521617.55,5239509.71,125,0,0,,,,,,,,
fault_3f,520985.97,5243863.61,170,0,0,,,,,,,,
fault_3f,520878.46,5242392.15,178,0,0,,,,,,,,
fault_3f,521073.31,5241505.25,192,0,0,,,,,,,,
fault_3f,520912.06,5241968.86,198,0,0,,,,,,,,
fault_3f,520912.06,5241968.86,198,1,0,,,,,,,,
fault_3f,521496.61,5239919.57,199,0,0,,,,,,,,
fault_3f,521194.26,5240410.05,209,0,0,,,,,,,,
fault_3f,520959.09,5243561.26,219,0,0,,,,,,,,
fault_3f,521031.72,5240982.8,273,0,0,,,,,,,,
fault_3f,520912.06,5242909.51,283,0,0,,,,,,,,
fault_3f,520938.94,5243285.78,287,0,0,,,,,,,,
fault_3f,520912.06,5241968.86,198,0,,,,0.98,0.1,0.17,,,
fault_3f,520912.06,5241968.86,198,1,,,,0.17,0.02,-0.98,,,
fault_4a,533776.18,5262254.63,50,0,0,,,,,,,,
fault_4a,533868.49,5262089.13,56,0,0,,,,,,,,
fault_4a,531744.79,5264930.64,71,0,0,,,,,,,,
fault_4a,534079.56,5261674.63,73,0,0,,,,,,,,
fault_4a,534745.88,5260301.12,74,0,0,,,,,,,,
fault_4a,534548.81,5260654.12,80,0,0,,,,,,,,
fault_4a,534474.12,5260932.12,84,0,0,,,,,,,,
fault_4a,531995.58,5264775.97,86,0,0,,,,,,,,
fault_4a,534374.37,5261162.62,86,0,0,,,,,,,,
fault_4a,532574.75,5264280.34,89,0,0,,,,,,,,
fault_4a,532892.18,5263754.08,89,0,0,,,,,,,,
fault_4a,532282.38,5264581.06,93,0,0,,,,,,,,
fault_4a,532463.37,5264416.78,93,0,0,,,,,,,,
fault_4a,533112.73,5263304.64,93,0,0,,,,,,,,
fault_4a,533112.73,5263304.64,93,1,0,,,,,,,,
fault_4a,530776,5265978.85,117,0,0,,,,,,,,
fault_4a,533484.05,5262673.63,122,0,0,,,,,,,,
fault_4a,533297.99,5262952.64,131,0,0,,,,,,,,
fault_4a,529863.5,5266784.66,153,0,0,,,,,,,,
fault_4a,529584.25,5267126.04,169,0,0,,,,,,,,
fault_4a,533112.73,5263304.64,93,0,,,,0.85,0.49,0.17,,,
fault_4a,533112.73,5263304.64,93,1,,,,0.15,0.09,-0.98,,,
fault_4b,539289.61,5250133.83,17,0,0,,,,,,,,
fault_4b,539159.74,5250494.84,44,0,0,,,,,,,,
fault_4b,536181.86,5257617.05,45,0,0,,,,,,,,
fault_4b,536289.28,5257291.71,45,0,0,,,,,,,,
fault_4b,539120.12,5250719.36,50,0,0,,,,,,,,
fault_4b,536407.44,5257010.5,53,0,0,,,,,,,,
fault_4b,539001.25,5251007.72,59,0,0,,,,,,,,
fault_4b,536448.88,5256898.48,60,0,0,,,,,,,,
fault_4b,538895.59,5251269.67,62,0,0,,,,,,,,
fault_4b,538814.15,5251454.57,67,0,0,,,,,,,,
fault_4b,536054.49,5257973.84,68,0,0,,,,,,,,
fault_4b,536524.07,5256732.74,69,0,0,,,,,,,,
fault_4b,538785.53,5251549.23,69,0,0,,,,,,,,
fault_4b,535775.19,5258787.17,71,0,0,,,,,,,,
fault_4b,535816.63,5258658.26,76,0,0,,,,,,,,
fault_4b,538748.11,5251657.09,77,0,0,,,,,,,,
fault_4b,538666.67,5251824.38,79,0,0,,,,,,,,
fault_4b,535911.77,5258426.54,80,0,0,,,,,,,,
fault_4b,536699.78,5256365.21,80,0,0,,,,,,,,
fault_4b,538390.12,5253218.93,84,0,0,,,,,,,,
fault_4b,538345.62,5253111.51,87,0,0,,,,,,,,
fault_4b,537417.97,5255508.14,91,0,0,,,,,,,,
fault_4b,537417.97,5255508.14,91,1,0,,,,,,,,
fault_4b,536008.45,5258115.02,94,0,0,,,,,,,,
fault_4b,538431.56,5253327.88,95,0,0,,,,,,,,
fault_4b,538324.9,5253057.03,96,0,0,,,,,,,,
fault_4b,537676.54,5255301.36,97,0,0,,,,,,,,
fault_4b,538466.85,5253518.17,97,0,0,,,,,,,,
fault_4b,538472.99,5253430.7,98,0,0,,,,,,,,
fault_4b,537091.1,5255857.26,99,0,0,,,,,,,,
fault_4b,538449.97,5253624.06,101,0,0,,,,,,,,
fault_4b,537249.16,5255673.11,102,0,0,,,,,,,,
fault_4b,536623.82,5256508.69,103,0,0,,,,,,,,
fault_4b,538347.16,5254100.55,103,0,0,,,,,,,,
fault_4b,537984.23,5254997.9,104,0,0,,,,,,,,
fault_4b,535956.27,5258276.15,105,0,0,,,,,,,,
fault_4b,537576.8,5255368.88,105,0,0,,,,,,,,
fault_4b,537803.91,5255204.68,107,0,0,,,,,,,,
fault_4b,538036.4,5254899.68,111,0,0,,,,,,,,
fault_4b,536877.79,5256139.63,112,0,0,,,,,,,,
fault_4b,538340.88,5252445.13,114,0,0,,,,,,,,
fault_4b,538214.41,5252749.73,120,0,0,,,,,,,,
fault_4b,538201.82,5252741.46,120,0,0,,,,,,,,
fault_4b,538071.7,5254810.68,123,0,0,,,,,,,,
fault_4b,538293.45,5254255.54,128,0,0,,,,,,,,
fault_4b,538157.64,5254623.46,129,0,0,,,,,,,,
fault_4b,538202.14,5254506.83,134,0,0,,,,,,,,
fault_4b,537417.97,5255508.14,91,0,,,,0.7,0.7,0.17,,,
fault_4b,537417.97,5255508.14,91,1,,,,0.12,0.12,-0.98,,,
pi_fault_1,520337.88,5246602.95,409,0,0,,,,,,,,
pi_fault_1,519844.86,5246331.78,443,0,0,,,,,,,,
pi_fault_1,517433.98,5245779.6,498,0,0,,,,,,,,
pi_fault_1,517591.75,5245769.74,571,0,0,,,,,,,,
pi_fault_1,519544.12,5246208.53,582,0,0,,,,,,,,
pi_fault_1,517981.24,5245833.83,699,0,0,,,,,,,,
pi_fault_1,518464.4,5245883.13,700,0,0,,,,,,,,
pi_fault_1,518883.47,5245986.67,722,0,0,,,,,,,,
pi_fault_1,518883.47,5245986.67,722,1,0,,,,,,,,
pi_fault_1,518883.47,5245986.67,722,0,,,,0.5,-0.86,0,,,
pi_fault_1,518883.47,5245986.67,722,1,,,,0,0,-1,,,
pi_fault_2,516003.02,5241650.33,150,0,0,,,,,,,,
pi_fault_2,521898.72,5245117.99,156,0,0,,,,,,,,
pi_fault_2,516054.88,5241798.48,162,0,0,,,,,,,,
pi_fault_2,515509.17,5240578.67,166,0,0,,,,,,,,
pi_fault_2,515775.85,5241033.01,175,0,0,,,,,,,,
pi_fault_2,516106.73,5241993.55,193,0,0,,,,,,,,
pi_fault_2,516287.7,5242473.06,200,0,0,,,,,,,,
pi_fault_2,516530.93,5242966.09,200,0,0,,,,,,,,
pi_fault_2,516240.07,5242359.01,202,0,0,,,,,,,,
pi_fault_2,516190.69,5242203.44,209,0,0,,,,,,,,
pi_fault_2,515094.33,5239818.13,216,0,0,,,,,,,,
pi_fault_2,516741.28,5243399.95,220,0,0,,,,,,,,
pi_fault_2,516741.28,5243399.95,220,1,0,,,,,,,,
pi_fault_2,516938.49,5243689.19,241,0,0,,,,,,,,
pi_fault_2,517175.14,5244017.87,276,0,0,,,,,,,,
pi_fault_2,517352.63,5244215.08,290,0,0,,,,,,,,
pi_fault_2,517477.53,5244326.83,301,0,0,,,,,,,,
pi_fault_2,517628.72,5244418.86,327,0,0,,,,,,,,
pi_fault_2,519719.14,5244977.62,389,0,0,,,,,,,,
pi_fault_2,517977.13,5244517.46,396,0,0,,,,,,,,
pi_fault_2,519324.72,5244846.14,397,0,0,,,,,,,,
pi_fault_2,518325.53,5244616.07,433,0,0,,,,,,,,
pi_fault_2,520583.48,5245117.99,453,0,0,,,,,,,,
pi_fault_2,516741.28,5243399.95,220,0,,,,0.67,-0.72,0.17,,,
pi_fault_2,516741.28,5243399.95,220,1,,,,0.12,-0.13,-0.98,,,
Sill_1,524747.99,5249797.81,143,,,,,,,,floor,,Tasmanian Basin
Sill_1,524242.52,5253503.32,151,,,,,,,,floor,,Tasmanian Basin
Sill_1,524250.52,5253359.32,161,,,,,,,,floor,,Tasmanian Basin
Sill_1,514697.09,5241457.47,184,,,,,,,,floor,,Tasmanian Basin
Sill_1,524315.23,5252834.82,199,,,,,,,,floor,,Tasmanian Basin
Sill_1,524672.61,5249601.31,211,,,,,,,,floor,,Tasmanian Basin
Sill_1,515162.45,5243061.01,220,,,,,,,,floor,,Tasmanian Basin
Sill_1,515293.64,5243246.01,225,,,,,,,,floor,,Tasmanian Basin
Sill_1,524468.3,5249408.81,227,,,,,,,,floor,,Tasmanian Basin
Sill_1,515040.52,5243368.51,239,,,,,,,,floor,,Tasmanian Basin
Sill_1,515529.02,5243309.02,252,,,,,,,,floor,,Tasmanian Basin
Sill_1,523926.84,5248770.81,254,,,,,,,,floor,,Tasmanian Basin
Sill_1,523442.85,5248818.32,260,,,,,,,,floor,,Tasmanian Basin
Sill_1,522529.8,5248560.32,278,,,,,,,,floor,,Tasmanian Basin
Sill_1,523252.16,5248854.82,286,,,,,,,,floor,,Tasmanian Basin
Sill_1,515796.3,5243376.03,290,,,,,,,,floor,,Tasmanian Basin
Sill_1,516093.59,5243600.54,295,,,,,,,,floor,,Tasmanian Basin
Sill_1,522273,5247648.82,302,,,,,,,,floor,,Tasmanian Basin
Sill_1,523191.38,5248869.32,305,,,,,,,,floor,,Tasmanian Basin
Sill_1,523786,5248782.32,308,,,,,,,,floor,,Tasmanian Basin
Sill_1,521868.13,5247238.82,329,,,,,,,,floor,,Tasmanian Basin
Sill_1,517111.47,5244646.56,330,,,,,,,,floor,,Tasmanian Basin
Sill_1,521819.44,5247379.32,340,,,,,,,,floor,,Tasmanian Basin
Sill_1,522272.59,5248356.32,340,,,,,,,,floor,,Tasmanian Basin
Sill_1,522593.02,5248413.32,353,,,,,,,,floor,,Tasmanian Basin
Sill_1,522783.58,5248495.82,356,,,,,,,,floor,,Tasmanian Basin
Sill_1,522976.23,5248504.82,364,,,,,,,,floor,,Tasmanian Basin
Sill_1,522819.45,5248430.82,387,,,,,,,,floor,,Tasmanian Basin
Sill_1,525614.8314,5260168.831,48,,,,,,,,floor,,
Sill_1,513172.82,5243130.47,342,,,,,,,,lateral,TRUE,
Sill_1,513209.55,5243707.97,460,,,,,,,,lateral,TRUE,
Sill_1,512422.59,5250302.63,637,,,,,,,,lateral,TRUE,
Sill_1_frame,524786.15,5259768.44,0,2,0,,,,,,,,
Sill_1_frame,528696.6,5252068.49,0,2,0,,,,,,,,
Sill_1_frame,530833.24,5247875.85,0,2,0,,,,,,,,
Sill_1_frame,532969.87,5244005.71,0,2,0,,,,,,,,
Sill_1_frame,526680.91,5255978.93,2,2,0,,,,,,,,
Sill_1_frame,522891.4,5263437,4,2,0,,,,,,,,
Sill_1_frame,518856,5248409,1155,1,0,275.9,,,,,,,
Sill_1_frame,524786.15,5259768.44,0,2,,,,0.94,0.29,0,,,
Sill_1_frame,528696.6,5252068.49,0,2,,,,0.94,0.29,0,,,
Sill_1_frame,530833.24,5247875.85,0,2,,,,0.94,0.29,0,,,
Sill_1_frame,532969.87,5244005.71,0,2,,,,0.94,0.29,0,,,
Sill_1_frame,526680.91,5255978.93,2,2,,,,0.94,0.29,0,,,
Sill_1_frame,522891.4,5263437,4,2,,,,0.94,0.29,0,,,
Sill_1_frame,523143,5261081,8,1,,318.7,,-0.66,0.75,0,,,
Sill_1_frame,525033,5257611,28,1,,115,,-0.91,0.42,0,,,
Sill_1_frame,524580,5258793,32,1,,118.4,,-0.88,0.48,0,,,
Sill_1_frame,527226,5253291,34,1,,339.1,,-0.36,0.93,0,,,
Sill_1_frame,525712,5254548,95,1,,147.5,,-0.54,0.84,0,,,
Sill_1_frame,526370,5254237,115,1,,126.3,,-0.81,0.59,0,,,
Sill_1_frame,516369,5254252,727,1,,228.8,,0.75,0.66,0,,,
Sill_1_frame,519299,5251383,1001,1,,181.9,,0.03,1,0,,,
Sill_1_frame,519422,5250241,1071,1,,137.9,,-0.67,0.74,0,,,
Sill_1_frame,512222,5252891,1111,1,,318.9,,-0.66,0.75,0,,,
Sill_1_frame,518856,5248409,1155,1,,275.9,,-0.99,0.1,0,,,
Sill_1_frame,519037,5249616,1261,1,,126.3,,-0.81,0.59,0,,,
Sill_1_frame,519236,5250594,1264,1,,129.7,,-0.77,0.64,0,,,
Sill_2,525894.85,5242595.3,10,,,,,,,,floor,,Tasmanian Basin
Sill_2,525771.92,5242996.31,14,,,,,,,,floor,,Tasmanian Basin
Sill_2,525725.67,5243042.31,17,,,,,,,,floor,,Tasmanian Basin
Sill_2,525664.61,5243071.31,19,,,,,,,,floor,,Tasmanian Basin
Sill_2,526322.91,5242293.79,40,,,,,,,,floor,,Tasmanian Basin
Sill_2,534851.31,5259279.85,60,,,,,,,,floor,,Tasmanian Basin
Sill_2,534778.43,5259104.35,65,,,,,,,,floor,,Tasmanian Basin
Sill_2,534704,5259685.36,76,,,,,,,,floor,,Tasmanian Basin
Sill_2,534010.79,5258503.84,80,,,,,,,,floor,,Tasmanian Basin
Sill_2,528618.29,5246563.31,92,,,,,,,,floor,,Tasmanian Basin
Sill_2,526962.78,5242172.29,96,,,,,,,,floor,,Tasmanian Basin
Sill_2,534716.62,5259838.86,100,,,,,,,,floor,,Tasmanian Basin
Sill_2,527476.95,5243398.31,101,,,,,,,,floor,,Tasmanian Basin
Sill_2,526730.28,5242301.29,103,,,,,,,,floor,,Tasmanian Basin
Sill_2,534677.75,5259952.86,104,,,,,,,,floor,,Tasmanian Basin
Sill_2,528483.1,5246612.81,111,,,,,,,,floor,,Tasmanian Basin
Sill_2,528454.16,5246549.81,121,,,,,,,,floor,,Tasmanian Basin
Sill_2,527034.04,5242388.79,124,,,,,,,,floor,,Tasmanian Basin
Sill_2,527138.31,5243230.81,124,,,,,,,,floor,,Tasmanian Basin
Sill_2,527355.82,5243288.81,124,,,,,,,,floor,,Tasmanian Basin
Sill_2,527040.1,5242495.3,132,,,,,,,,floor,,Tasmanian Basin
Sill_2,526943.42,5242700.3,147,,,,,,,,floor,,Tasmanian Basin
Sill_2,533849.67,5258700.34,149,,,,,,,,floor,,Tasmanian Basin
Sill_2,533985.61,5258878.84,169,,,,,,,,floor,,Tasmanian Basin
Sill_2,538141.32,5251814.2,171,,,,,,,,floor,,Tasmanian Basin
Sill_2,528900.29,5247480.3,182,,,,,,,,floor,,Tasmanian Basin
Sill_2,538266.25,5251546.71,223,,,,,,,,floor,,Tasmanian Basin
Sill_2,538287.94,5251134.21,229,,,,,,,,floor,,Tasmanian Basin
Sill_2,537489.11,5254246.25,275,,,,,,,,floor,,Tasmanian Basin
Sill_2,525614.8314,5260168.831,48,,,,,,,,floor,,
Sill_2,513172.82,5243130.47,342,,,,,,,,lateral,TRUE,
Sill_2,513209.55,5243707.97,460,,,,,,,,lateral,TRUE,
Sill_2,512422.59,5250302.63,637,,,,,,,,lateral,TRUE,
Sill_2_frame,524786.15,5259768.44,0,2,0,,,,,,,,
Sill_2_frame,528696.6,5252068.49,0,2,0,,,,,,,,
Sill_2_frame,530833.24,5247875.85,0,2,0,,,,,,,,
Sill_2_frame,532969.87,5244005.71,0,2,0,,,,,,,,
Sill_2_frame,526680.91,5255978.93,2,2,0,,,,,,,,
Sill_2_frame,522891.4,5263437,4,2,0,,,,,,,,
Sill_2_frame,519592,5245707,483,1,0,306.7,,,,,,,
Sill_2_frame,524786.15,5259768.44,0,2,,,,0.94,0.29,0,,,
Sill_2_frame,528696.6,5252068.49,0,2,,,,0.94,0.29,0,,,
Sill_2_frame,530833.24,5247875.85,0,2,,,,0.94,0.29,0,,,
Sill_2_frame,532969.87,5244005.71,0,2,,,,0.94,0.29,0,,,
Sill_2_frame,533427,5248162,0,1,,188.7,,0.15,0.99,0,,,
Sill_2_frame,526680.91,5255978.93,2,2,,,,0.94,0.29,0,,,
Sill_2_frame,522891.4,5263437,4,2,,,,0.94,0.29,0,,,
Sill_2_frame,532980,5251400,4,1,,168.2,,-0.2,0.98,0,,,
Sill_2_frame,525517,5247416,48,1,,262.9,,0.99,0.12,0,,,
Sill_2_frame,524972,5247929,203,1,,311.6,,-0.75,0.66,0,,,
Sill_2_frame,528023,5247416,346,1,,174.5,,-0.1,1,0,,,
Sill_2_frame,519592,5245707,483,1,,306.7,,-0.8,0.6,0,,,
Sill_3,513172.82,5243130.47,342,,,,,,,,lateral,TRUE,
Sill_3,513209.55,5243707.97,460,,,,,,,,lateral,TRUE,
Sill_3,512422.59,5250302.63,637,,,,,,,,lateral,TRUE,
Sill_3,526707.2,5240694.28,2,,,,,,,,roof,,Tasmanian Basin
Sill_3,526886.51,5240288.27,5,,,,,,,,roof,,Tasmanian Basin
Sill_3,538527.63,5247796.27,32,,,,,,,,roof,,Tasmanian Basin
Sill_3,538811.25,5246558.76,56,,,,,,,,roof,,Tasmanian Basin
Sill_3,539008.88,5246896.76,82,,,,,,,,roof,,Tasmanian Basin
Sill_3,538786.07,5247618.76,92,,,,,,,,roof,,Tasmanian Basin
Sill_3,531101.67,5264466.88,117,,,,,,,,roof,,Tasmanian Basin
Sill_3,523576.54,5244938.33,210,,,,,,,,roof,,Tasmanian Basin
Sill_3,523686.03,5244994.33,219,,,,,,,,roof,,Tasmanian Basin
Sill_3,517864.57,5241510.53,224,,,,,,,,roof,,Tasmanian Basin
Sill_3,516770.33,5242527.04,227,,,,,,,,roof,,Tasmanian Basin
Sill_3,518723.09,5241343.03,239,,,,,,,,roof,,Tasmanian Basin
Sill_3,516668.2,5242704.04,241,,,,,,,,roof,,Tasmanian Basin
Sill_3,518922.28,5241553.54,246,,,,,,,,roof,,Tasmanian Basin
Sill_3,517867.92,5242589.55,250,,,,,,,,roof,,Tasmanian Basin
Sill_3,517988.64,5242910.05,260,,,,,,,,roof,,Tasmanian Basin
Sill_3,518971.37,5240883.53,264,,,,,,,,roof,,Tasmanian Basin
Sill_3,518860.88,5242214.55,267,,,,,,,,roof,,Tasmanian Basin
Sill_3,519600.9,5241585.05,267,,,,,,,,roof,,Tasmanian Basin
Sill_3,520167.53,5242172.3,280,,,,,,,,roof,,Tasmanian Basin
Sill_3,520635.11,5241753.3,285,,,,,,,,roof,,Tasmanian Basin
Sill_3,519492.29,5243057.06,286,,,,,,,,roof,,Tasmanian Basin
Sill_3,525191.9451,5261587.041,440,,,,,,,,roof,,
Sill_3_frame,524786.15,5259768.44,0,2,0,,,,,,,,
Sill_3_frame,528696.6,5252068.49,0,2,0,,,,,,,,
Sill_3_frame,530833.24,5247875.85,0,2,0,,,,,,,,
Sill_3_frame,532969.87,5244005.71,0,2,0,,,,,,,,
Sill_3_frame,526680.91,5255978.93,2,2,0,,,,,,,,
Sill_3_frame,522891.4,5263437,4,2,0,,,,,,,,
Sill_3_frame,516563,5242900,219,1,0,104.1,,,,,,,
Sill_3_frame,524786.15,5259768.44,0,2,,,,0.94,0.29,0,,,
Sill_3_frame,528696.6,5252068.49,0,2,,,,0.94,0.29,0,,,
Sill_3_frame,530833.24,5247875.85,0,2,,,,0.94,0.29,0,,,
Sill_3_frame,532969.87,5244005.71,0,2,,,,0.94,0.29,0,,,
Sill_3_frame,526680.91,5255978.93,2,2,,,,0.94,0.29,0,,,
Sill_3_frame,522891.4,5263437,4,2,,,,0.94,0.29,0,,,
Sill_3_frame,528714,5254705,4,1,,354.3,,-0.1,1,0,,,
Sill_3_frame,528779,5252940,5,1,,100.9,,-0.98,0.19,0,,,
Sill_3_frame,516563,5242900,219,1,,104.1,,-0.97,0.24,0,,,
Sill_3_frame,519413,5255144,334,1,,293.8,,-0.91,0.4,0,,,
Sill_3_frame,513505,5257041,496,1,,142.8,,-0.6,0.8,0,,,
Tasmanian Basin,522665.861,5253862.577,135,,0,,,,,,,,
Tasmanian Basin,519517.363,5258414.187,295,,0,,,,,,,,
Tasmanian Basin,522930.539,5253176.966,190,,0,,,,,,,,
Tasmanian Basin,518271.57,5259077.476,211,,0,,,,,,,,
Tasmanian Basin,518626.6,5259211.409,233,,0,,,,,,,,
Tasmanian Basin,519294.141,5258784.098,289,,0,,,,,,,,
Tasmanian Basin,519498.23,5258361.039,297,,0,,,,,,,,
Tasmanian Basin,517578.518,5259360.224,211,,0,,,,,,,,
Tasmanian Basin,519364.297,5258645.913,294,,0,,,,,,,,
Tasmanian Basin,519521.615,5258384.424,296,,0,,,,,,,,
Tasmanian Basin,518105.748,5259007.32,213,,0,,,,,,,,
Tasmanian Basin,519240.993,5258193.09,289,,0,,,,,,,,
Tasmanian Basin,518860.452,5259007.32,235,,0,,,,,,,,
Tasmanian Basin,518666.993,5259219.913,233,,0,,,,,,,,
Tasmanian Basin,517912.289,5259458.017,211,,0,,,,,,,,
Tasmanian Basin,519497.167,5258077.227,273,,0,,,,,,,,
Tasmanian Basin,518503.296,5259090.232,237,,0,,,,,,,,
Tasmanian Basin,517778.355,5258941.417,200,,0,,,,,,,,
Tasmanian Basin,522616.965,5253584.081,152,,0,,,,,,,,
Tasmanian Basin,519447.208,5258331.276,299,,0,,,,,,,,
Tasmanian Basin,522621.217,5253786.044,140,,0,,,,,,,,
Tasmanian Basin,522432.009,5254109.185,125,,0,,,,,,,,
Tasmanian Basin,517718.829,5259477.15,211,,0,,,,,,,,
Tasmanian Basin,521154.675,5255192.051,165,,90,,,,,,,,
Tasmanian Basin,516546.531,5259143.778,363,,90,,,,,,,,
Tasmanian Basin,521797.473,5254902.559,186,,90,,,,,,,,
Tasmanian Basin,522152.334,5240325.993,139,,90,,,,,,,,
Tasmanian Basin,521402.144,5254832.52,159,,90,,,,,,,,
Tasmanian Basin,515685.836,5258586.583,348,,90,,,,,,,,
Tasmanian Basin,521341.444,5254844.971,144,,90,,,,,,,,
Tasmanian Basin,516114.238,5256706.05,345,,90,,,,,,,,
Tasmanian Basin,522735.988,5252897.123,251,,90,,,,,,,,
Tasmanian Basin,515346.928,5257523.165,311,,90,,,,,,,,
Tasmanian Basin,515609.572,5258891.64,332,,90,,,,,,,,
Tasmanian Basin,515871.049,5257883.864,330,,90,,,,,,,,
Tasmanian Basin,516117.351,5256553.521,341,,90,,,,,,,,
Tasmanian Basin,520994.364,5257652.737,91,,90,,,,,,,,
Tasmanian Basin,522130.544,5253762.488,178,,90,,,,,,,,
Tasmanian Basin,521825.488,5243404.573,201,,90,,,,,,,,
Tasmanian Basin,519218.5,5258009.933,349,,90,,,,,,,,
Tasmanian Basin,522279.96,5240148.562,142,,90,,,,,,,,
Tasmanian Basin,517553.14,5259779.572,292,,90,,,,,,,,
Tasmanian Basin,521458.564,5244491.726,169,,90,,,,,,,,
Tasmanian Basin,521875.293,5254165.598,204,,90,,,,,,,,
Tasmanian Basin,516462.874,5257621.997,355,,90,,,,,,,,
Tasmanian Basin,518807.607,5258798.255,323,,90,,,,,,,,
Tasmanian Basin,516423.575,5255971.813,428,,90,,,,,,,,
Tasmanian Basin,517451.973,5259427.823,272,,90,,,,,,,,
Tasmanian Basin,521226.27,5255272.984,159,,90,,,,,,,,
Tasmanian Basin,521957.783,5254114.236,200,,90,,,,,,,,
Tasmanian Basin,529393.147,5247845.792,33,,90,,,,,,,,
Tasmanian Basin,521786.967,5243662.159,172,,90,,,,,,,,
Tasmanian Basin,518164.81,5260418.09,314,,90,,,,,,,,
Tasmanian Basin,519120.446,5258265.184,358,,90,,,,,,,,
Tasmanian Basin,521290.083,5254929.018,139,,90,,,,,,,,
Tasmanian Basin,518267.533,5258919.655,283,,90,,,,,,,,
Tasmanian Basin,518841.848,5258609.929,336,,90,,,,,,,,
Tasmanian Basin,515712.295,5258840.278,335,,90,,,,,,,,
Tasmanian Basin,522037.16,5253581.944,247,,90,,,,,,,,
Tasmanian Basin,516612.29,5257244.957,368,,90,,,,,,,,
Tasmanian Basin,521735.216,5254661.315,169,,90,,,,,,,,
Tasmanian Basin,521587.357,5254885.438,179,,90,,,,,,,,
Tasmanian Basin,521312.261,5244238.031,168,,90,,,,,,,,
Tasmanian Basin,515262.881,5256959.745,301,,90,,,,,,,,
Tasmanian Basin,516663.651,5256977.254,371,,90,,,,,,,,
Tasmanian Basin,521441.054,5254857.423,156,,90,,,,,,,,
Tasmanian Basin,529379.139,5248093.261,29,,90,,,,,,,,
Tasmanian Basin,521493.972,5254851.197,158,,90,,,,,,,,
Tasmanian Basin,529414.936,5247688.594,32,,90,,,,,,,,
Tasmanian Basin,517799.053,5260279.569,290,,90,,,,,,,,
Tasmanian Basin,521791.247,5240855.172,139,,90,,,,,,,,
Tasmanian Basin,519154.687,5258030.166,352,,90,,,,,,,,
Tasmanian Basin,518373.369,5258899.422,295,,90,,,,,,,,
Tasmanian Basin,514319.307,5258007.598,289,,90,,,,,,,,
Tasmanian Basin,515465.215,5257202.545,306,,90,,,,,,,,
Tasmanian Basin,519185.815,5258006.82,350,,90,,,,,,,,
Tasmanian Basin,521624.711,5254511.121,170,,90,,,,,,,,
Tasmanian Basin,518044.966,5260368.284,306,,90,,,,,,,,
Tasmanian Basin,517772.594,5259745.331,291,,90,,,,,,,,
Tasmanian Basin,517820.843,5259798.249,287,,90,,,,,,,,
Tasmanian Basin,522166.342,5253530.582,264,,90,,,,,,,,
Tasmanian Basin,518536.792,5258925.881,297,,90,,,,,,,,
Tasmanian Basin,521925.098,5240341.557,138,,90,,,,,,,,
Tasmanian Basin,518865.194,5258544.56,327,,90,,,,,,,,
Tasmanian Basin,521069.072,5257103.324,86,,90,,,,,,,,
Tasmanian Basin,518790.487,5258843.391,324,,90,,,,,,,,
Tasmanian Basin,518837.179,5258641.057,332,,90,,,,,,,,
Tasmanian Basin,522768.673,5252936.033,245,,90,,,,,,,,
Tasmanian Basin,521270.238,5244238.031,172,,90,,,,,,,,
Tasmanian Basin,529410.267,5247716.61,30,,90,,,,,,,,
Tasmanian Basin,514415.805,5255361.7,417,,90,,,,,,,,
Tasmanian Basin,514482.731,5258013.824,298,,90,,,,,,,,
Tasmanian Basin,517932.904,5259955.446,286,,90,,,,,,,,
Tasmanian Basin,522024.708,5243205.353,182,,90,,,,,,,,
Tasmanian Basin,517467.537,5259452.726,273,,90,,,,,,,,
Tasmanian Basin,522105.642,5253561.711,256,,90,,,,,,,,
Tasmanian Basin,522121.206,5252408.41,220,,90,,,,,,,,
Tasmanian Basin,516641.472,5258614.598,371,,90,,,,,,,,
Tasmanian Basin,521500.198,5254403.729,151,,90,,,,,,,,
Tasmanian Basin,521326.269,5243922.08,171,,90,,,,,,,,
Tasmanian Basin,522164.785,5253759.375,179,,90,,,,,,,,
Tasmanian Basin,514736.815,5257657.017,305,,90,,,,,,,,
Tasmanian Basin,521884.632,5241041.942,148,,90,,,,,,,,
Tasmanian Basin,521788.134,5241185.131,144,,90,,,,,,,,
Tasmanian Basin,521419.265,5254272.99,178,,90,,,,,,,,
Tasmanian Basin,514587.399,5257671.024,308,,90,,,,,,,,
Tasmanian Basin,515746.536,5258410.709,350,,90,,,,,,,,
Tasmanian Basin,515611.128,5258953.896,327,,90,,,,,,,,
Tasmanian Basin,521789.69,5253927.467,188,,90,,,,,,,,
Tasmanian Basin,538625.387,5250825.151,125,,240,,,,,,,,
Tasmanian Basin,529114.337,5247651.184,124,,240,,,,,,,,
Tasmanian Basin,538938.225,5247065.641,107,,240,,,,,,,,
Tasmanian Basin,528788.874,5246901.496,83,,240,,,,,,,,
Tasmanian Basin,521260.511,5250873.4,371,,240,,,,,,,,
Tasmanian Basin,521369.46,5251836.818,405,,240,,,,,,,,
Tasmanian Basin,520678.413,5252411.134,380,,240,,,,,,,,
Tasmanian Basin,513806.859,5257878.027,390,,240,,,,,,,,
Tasmanian Basin,538650.289,5246482.765,77,,240,,,,,,,,
Tasmanian Basin,522524.316,5249515.431,330,,240,,,,,,,,
Tasmanian Basin,538569.356,5250960.559,142,,240,,,,,,,,
Tasmanian Basin,522468.286,5249412.708,331,,240,,,,,,,,
Tasmanian Basin,518925.894,5253801.009,380,,240,,,,,,,,
Tasmanian Basin,521291.639,5250583.907,378,,240,,,,,,,,
Tasmanian Basin,519084.648,5253651.593,372,,240,,,,,,,,
Tasmanian Basin,520918.1,5252464.052,397,,240,,,,,,,,
Tasmanian Basin,522415.368,5249319.324,337,,240,,,,,,,,
Tasmanian Basin,538944.451,5246883.541,101,,240,,,,,,,,
Tasmanian Basin,517689.91,5244290.755,340,,240,,,,,,,,
Tasmanian Basin,538483.753,5251394.019,145,,240,,,,,,,,
Tasmanian Basin,538619.161,5249582.357,26,,240,,,,,,,,
Tasmanian Basin,516444.976,5260125.484,461,,240,,,,,,,,
Tasmanian Basin,538553.792,5245522.848,86,,240,,,,,,,,
Tasmanian Basin,521227.632,5241053.42,255,,240,,,,,,,,
Tasmanian Basin,521208.955,5241280.656,250,,240,,,,,,,,
Tasmanian Basin,522032.491,5248484.309,322,,240,,,,,,,,
Tasmanian Basin,522589.686,5249527.883,329,,240,,,,,,,,
Tasmanian Basin,538765.464,5250081.965,107,,240,,,,,,,,
Tasmanian Basin,538561.574,5251113.865,151,,240,,,,,,,,
Tasmanian Basin,538497.761,5251495.186,153,,240,,,,,,,,
Tasmanian Basin,522138.326,5248367.578,310,,240,,,,,,,,
Tasmanian Basin,538718.772,5249937.219,67,,240,,,,,,,,
Tasmanian Basin,538740.561,5246116.23,88,,240,,,,,,,,
Tasmanian Basin,529118.826,5247763.413,120,,240,,,,,,,,
Tasmanian Basin,538578.695,5247636.844,55,,240,,,,,,,,
Tasmanian Basin,522205.252,5249086.64,336,,240,,,,,,,,
Tasmanian Basin,521606.034,5251032.154,395,,240,,,,,,,,
Tasmanian Basin,513855.108,5257909.155,387,,240,,,,,,,,
Tasmanian Basin,538737.448,5246027.515,80,,240,,,,,,,,
Tasmanian Basin,529080.669,5247177.579,97,,240,,,,,,,,
Tasmanian Basin,538729.666,5250352.78,123,,240,,,,,,,,
Tasmanian Basin,538499.318,5251353.553,152,,240,,,,,,,,
Tasmanian Basin,521112.457,5241271.318,251,,240,,,,,,,,
Tasmanian Basin,517738.158,5244300.093,345,,240,,,,,,,,
Tasmanian Basin,518700.02,5244508.652,374,,240,,,,,,,,
Tasmanian Basin,528573.395,5246095.694,90,,240,,,,,,,,
Tasmanian Basin,521335.218,5250481.184,371,,240,,,,,,,,
Tasmanian Basin,538468.189,5251436.042,154,,240,,,,,,,,
Tasmanian Basin,518388.738,5244304.762,360,,240,,,,,,,,
Tasmanian Basin,517624.54,5243995.037,335,,240,,,,,,,,
Tasmanian Basin,516301.786,5260036.769,466,,240,,,,,,,,
Tasmanian Basin,518265.782,5244276.747,360,,240,,,,,,,,
Tasmanian Basin,520865.182,5252445.375,400,,240,,,,,,,,
Tasmanian Basin,520765.572,5252398.683,404,,240,,,,,,,,
Tasmanian Basin,522158.56,5248695.981,327,,240,,,,,,,,
Tasmanian Basin,538746.787,5250027.491,96,,240,,,,,,,,
Tasmanian Basin,538860.405,5246769.144,77,,240,,,,,,,,
Tasmanian Basin,516228.634,5260131.71,472,,240,,,,,,,,
Tasmanian Basin,538563.13,5245401.448,85,,240,,,,,,,,
Tasmanian Basin,520233.28,5252913.855,327,,240,,,,,,,,
Tasmanian Basin,521856.616,5248560.573,334,,240,,,,,,,,
Tasmanian Basin,532882.313,5255423.308,104,,310,,,,,,,,
Tasmanian Basin,527474.083,5256855.592,9,,310,,,,,,,,
Tasmanian Basin,527493.217,5257839.596,45,,310,,,,,,,,
Tasmanian Basin,517831.848,5261861.676,287,,310,,,,,,,,
Tasmanian Basin,516684.926,5264430.156,250,,310,,,,,,,,
Tasmanian Basin,534977.92,5249487.547,36,,310,,,,,,,,
Tasmanian Basin,533264.707,5255251.063,125,,310,,,,,,,,
Tasmanian Basin,513376.928,5265533.802,151,,310,,,,,,,,
Tasmanian Basin,532842.713,5258108.085,160,,310,,,,,,,,
Tasmanian Basin,527926.211,5243711.071,46,,310,,,,,,,,
Tasmanian Basin,514397.205,5266253.672,231,,310,,,,,,,,
Tasmanian Basin,527858.77,5243636.069,38,,310,,,,,,,,
Tasmanian Basin,521224.306,5251680.898,496,,310,,,,,,,,
Tasmanian Basin,517237.122,5265456.657,271,,310,,,,,,,,
Tasmanian Basin,514485.142,5266332.172,238,,310,,,,,,,,
Tasmanian Basin,534073.591,5257696.111,186,,310,,,,,,,,
Tasmanian Basin,520978.495,5250396.558,444,,310,,,,,,,,
Tasmanian Basin,520738.113,5246505.567,318,,310,,,,,,,,
Tasmanian Basin,520997.889,5245826.571,318,,310,,,,,,,,
Tasmanian Basin,514054.422,5265383.669,213,,310,,,,,,,,
Tasmanian Basin,538367.128,5251397.459,194,,310,,,,,,,,
Tasmanian Basin,519893.69,5252720.889,423,,310,,,,,,,,
Tasmanian Basin,539887.048,5243624.223,116,,310,,,,,,,,
Tasmanian Basin,516922.214,5265557.658,254,,310,,,,,,,,
Tasmanian Basin,538420.375,5251068.464,181,,310,,,,,,,,
Tasmanian Basin,527789.498,5242923.555,59,,310,,,,,,,,
Tasmanian Basin,515048.524,5266151.484,170,,310,,,,,,,,
Tasmanian Basin,517747.715,5263312.665,278,,310,,,,,,,,
Tasmanian Basin,525296.683,5244826.073,78,,310,,,,,,,,
Tasmanian Basin,527483.718,5257955.096,42,,310,,,,,,,,
Tasmanian Basin,517646.69,5262226.176,260,,310,,,,,,,,
Tasmanian Basin,517217.121,5265361.657,272,,310,,,,,,,,
Tasmanian Basin,517738.652,5263372.165,281,,310,,,,,,,,
Tasmanian Basin,516963.746,5265621.158,264,,310,,,,,,,,
Tasmanian Basin,527381.856,5260258.601,33,,310,,,,,,,,
Tasmanian Basin,517686.407,5261529.678,277,,310,,,,,,,,
Tasmanian Basin,527327.479,5260106.6,20,,310,,,,,,,,
Tasmanian Basin,532795.713,5258140.085,156,,310,,,,,,,,
Tasmanian Basin,520524.714,5252428.87,447,,310,,,,,,,,
Tasmanian Basin,533490.785,5258201.589,119,,310,,,,,,,,
Tasmanian Basin,513253.544,5265737.669,156,,310,,,,,,,,
Tasmanian Basin,517809.765,5261930.266,290,,310,,,,,,,,
Tasmanian Basin,517990.65,5263858.66,276,,310,,,,,,,,
Tasmanian Basin,513836.921,5265567.669,209,,310,,,,,,,,
Tasmanian Basin,517369.625,5262271.674,259,,310,,,,,,,,
Tasmanian Basin,517537.353,5262975.593,279,,310,,,,,,,,
Tasmanian Basin,517156.348,5264146.22,280,,310,,,,,,,,
Tasmanian Basin,518625.027,5253502.447,468,,310,,,,,,,,
Tasmanian Basin,516786.27,5264362.156,253,,310,,,,,,,,
Tasmanian Basin,527980.298,5257415.347,40,,310,,,,,,,,
Tasmanian Basin,517182.086,5264513.157,267,,310,,,,,,,,
Tasmanian Basin,533786.086,5255801.068,162,,310,,,,,,,,
Tasmanian Basin,521042.159,5251865.567,469,,310,,,,,,,,
Tasmanian Basin,517425.843,5262408.173,245,,310,,,,,,,,
Tasmanian Basin,533095.333,5256768.076,132,,310,,,,,,,,
Tasmanian Basin,517027.528,5265686.658,263,,310,,,,,,,,
Tasmanian Basin,521282.646,5249126.063,397,,310,,,,,,,,
Tasmanian Basin,521138.079,5246783.07,330,,310,,,,,,,,
Tasmanian Basin,519182.785,5253213.076,457,,310,,,,,,,,
Tasmanian Basin,532062.571,5255495.058,72,,310,,,,,,,,
Tasmanian Basin,534760.421,5250640.56,95,,310,,,,,,,,
Tasmanian Basin,533988.407,5257252.087,138,,310,,,,,,,,
Tasmanian Basin,533336.661,5258579.591,129,,310,,,,,,,,
Tasmanian Basin,527955.516,5256631.092,38,,310,,,,,,,,
Tasmanian Basin,513987.235,5266112.173,217,,310,,,,,,,,
Tasmanian Basin,517375.089,5265110.157,266,,310,,,,,,,,
Tasmanian Basin,534170.027,5256247.072,126,,310,,,,,,,,
Tasmanian Basin,516733.802,5264389.656,255,,310,,,,,,,,
Tasmanian Basin,519936.152,5252727.85,416,,310,,,,,,,,
Tasmanian Basin,521012.688,5251007.933,461,,310,,,,,,,,
Tasmanian Basin,519756.021,5253166.577,462,,310,,,,,,,,
Tasmanian Basin,534110.341,5256515.577,124,,310,,,,,,,,
Tasmanian Basin,513798.358,5265312.668,182,,310,,,,,,,,
Tasmanian Basin,518689.765,5253539.341,475,,310,,,,,,,,
Tasmanian Basin,515374.895,5265754.664,145,,310,,,,,,,,
Tasmanian Basin,514074.921,5265137.667,203,,310,,,,,,,,
Tasmanian Basin,531869.755,5255816.56,65,,310,,,,,,,,
Tasmanian Basin,532720.527,5258523.589,130,,310,,,,,,,,
Tasmanian Basin,533274.835,5256427.574,149,,310,,,,,,,,
Tasmanian Basin,513276.951,5265682.668,153,,310,,,,,,,,
Tasmanian Basin,532526.368,5255399.176,89,,310,,,,,,,,
Tasmanian Basin,533389.546,5255216.099,122,,310,,,,,,,,
Tasmanian Basin,532535.65,5258351.152,141,,310,,,,,,,,
Tasmanian Basin,521053.159,5251831.567,457,,310,,,,,,,,
Tasmanian Basin,517587.596,5262001.677,274,,310,,,,,,,,
Tasmanian Basin,534992.545,5249414.546,36,,310,,,,,,,,
Tasmanian Basin,516083.409,5265807.838,234,,310,,,,,,,,
Tasmanian Basin,516250.274,5265918.161,255,,310,,,,,,,,
Tasmanian Basin,532494.811,5255519.836,92,,310,,,,,,,,
Tasmanian Basin,523839.424,5250041.071,230,,310,,,,,,,,
Tasmanian Basin,534172.903,5256933.638,168,,310,,,,,,,,
Tasmanian Basin,521704.478,5247902.569,386,,310,,,,,,,,
Tasmanian Basin,527632.522,5257040.595,18,,310,,,,,,,,
Tasmanian Basin,533120.019,5255495.564,110,,310,,,,,,,,
Tasmanian Basin,538104.437,5247523.019,25,,310,,,,,,,,
Tasmanian Basin,538460.743,5246009.515,120,,310,,,,,,,,
Tasmanian Basin,527769.438,5243026.058,51,,310,,,,,,,,
Tasmanian Basin,537642.644,5242219.001,19,,310,,,,,,,,
Tasmanian Basin,531814.692,5255762.559,64,,310,,,,,,,,
Tasmanian Basin,515304.394,5266127.165,165,,310,,,,,,,,
Tasmanian Basin,533167.719,5257916.083,158,,310,,,,,,,,
Tasmanian Basin,516451.088,5266001.16,255,,310,,,,,,,,
Tasmanian Basin,532676.651,5258417.087,124,,310,,,,,,,,
Tasmanian Basin,538412.291,5249838.989,70,,310,,,,,,,,
Tasmanian Basin,531340.106,5264835.141,137,,310,,,,,,,,
Tasmanian Basin,534777.128,5250590.904,93,,310,,,,,,,,
Tasmanian Basin,532956.101,5258379.925,148,,310,,,,,,,,
Tasmanian Basin,527792.812,5256569.571,29,,310,,,,,,,,
Tasmanian Basin,517627.848,5262118.216,248,,310,,,,,,,,
Tasmanian Basin,515870.147,5266187.163,254,,310,,,,,,,,
Tasmanian Basin,532560.148,5258331.086,149,,310,,,,,,,,
Tasmanian Basin,517436.185,5262644.476,252,,310,,,,,,,,
Tasmanian Basin,532686.839,5258448.088,131,,310,,,,,,,,
Tasmanian Basin,527553.355,5259403.1,43,,310,,,,,,,,
Tasmanian Basin,521071.306,5250440.058,450,,310,,,,,,,,
Tasmanian Basin,532831.09,5258333.087,134,,310,,,,,,,,
Tasmanian Basin,527936.587,5243744.571,48,,310,,,,,,,,
Tasmanian Basin,533228.512,5255261.811,123,,310,,,,,,,,
Tasmanian Basin,533554.159,5257919.588,128,,310,,,,,,,,
Tasmanian Basin,538076.231,5243446.483,50,,310,,,,,,,,
Tasmanian Basin,527482.73,5259634.601,46,,310,,,,,,,,
Tasmanian Basin,517589.217,5262853.669,275,,310,,,,,,,,
Tasmanian Basin,538386.426,5245256.009,144,,310,,,,,,,,
Tasmanian Basin,531930.444,5255678.559,70,,310,,,,,,,,
Tasmanian Basin,519066.361,5253497.575,467,,310,,,,,,,,
Tasmanian Basin,533844.965,5256512.077,100,,310,,,,,,,,
Tasmanian Basin,516117.273,5265778.661,235,,310,,,,,,,,
Tasmanian Basin,521028.003,5251961.257,463,,310,,,,,,,,
Tasmanian Basin,534986.482,5249365.546,35,,310,,,,,,,,
Tasmanian Basin,514634.569,5266061.454,230,,310,,,,,,,,
Tasmanian Basin,521572.139,5249185.064,381,,310,,,,,,,,
Tasmanian Basin,532642.952,5255365.561,93,,310,,,,,,,,
Tasmanian Basin,520737.381,5252267.069,460,,310,,,,,,,,
Tasmanian Basin,516948.027,5265596.158,257,,310,,,,,,,,
Tasmanian Basin,517718.342,5264085.89,287,,310,,,,,,,,
Tasmanian Basin,533452.094,5257735.586,178,,310,,,,,,,,
Tasmanian Basin,514697.393,5265870.668,242,,310,,,,,,,,
Tasmanian Basin,527605.042,5259332.6,52,,310,,,,,,,,
Tasmanian Basin,513921.36,5265886.172,218,,310,,,,,,,,
Tasmanian Basin,515642.958,5266254.164,232,,310,,,,,,,,
Tasmanian Basin,517648.315,5262194.676,264,,310,,,,,,,,
Tasmanian Basin,517894.471,5261488.675,295,,310,,,,,,,,
Tasmanian Basin,525401.809,5243900.571,38,,310,,,,,,,,
Tasmanian Basin,538308.554,5245819.013,134,,310,,,,,,,,
Tasmanian Basin,517638.521,5263776.817,272,,310,,,,,,,,
Tasmanian Basin,513516.608,5265103.166,161,,310,,,,,,,,
Tasmanian Basin,527751.973,5243244.842,36,,310,,,,,,,,
Tasmanian Basin,527495.734,5260321.104,36,,310,,,,,,,,
Tasmanian Basin,518908.344,5253626.355,456,,310,,,,,,,,
Tasmanian Basin,533777.272,5255240.562,146,,310,,,,,,,,
Tasmanian Basin,527928.649,5257262.096,39,,310,,,,,,,,
Tasmanian Basin,520973.01,5250898.643,449,,310,,,,,,,,
Tasmanian Basin,533211.218,5258042.587,160,,310,,,,,,,,
Tasmanian Basin,534998.792,5249131.543,40,,310,,,,,,,,
Tasmanian Basin,520221.702,5252693.572,425,,310,,,,,,,,
Tasmanian Basin,535006.793,5249149.543,38,,310,,,,,,,,
Tasmanian Basin,532686.01,5258474.596,137,,310,,,,,,,,
Tasmanian Basin,538401.79,5249820.489,65,,310,,,,,,,,
Tasmanian Basin,520838.579,5245836.069,297,,310,,,,,,,,
Tasmanian Basin,519363.15,5253222.077,467,,310,,,,,,,,
Tasmanian Basin,517668.376,5261594.178,289,,310,,,,,,,,
Tasmanian Basin,517635.273,5262154.414,261,,310,,,,,,,,
Tasmanian Basin,538084.155,5243100,57,,310,,,,,,,,
Tasmanian Basin,515096.787,5265978.849,183,,310,,,,,,,,
Tasmanian Basin,533212.959,5256798.077,134,,310,,,,,,,,
Tasmanian Basin,533178.856,5257759.226,160,,310,,,,,,,,
Tasmanian Basin,533237.897,5256460.074,147,,310,,,,,,,,
Tasmanian Basin,517605.498,5262933.169,276,,310,,,,,,,,
Tasmanian Basin,517396.275,5263200.205,275,,310,,,,,,,,
Tasmanian Basin,521167.254,5251553.565,476,,310,,,,,,,,
Tasmanian Basin,515415.832,5266038.665,208,,310,,,,,,,,
Tasmanian Basin,521244.562,5251707.066,483,,310,,,,,,,,
Tasmanian Basin,521016.865,5250863.142,435,,310,,,,,,,,
Tasmanian Basin,533103.676,5258407.769,115,,310,,,,,,,,
Tasmanian Basin,527530.605,5259450.6,40,,310,,,,,,,,
Tasmanian Basin,517463.776,5264832.657,275,,310,,,,,,,,
Tasmanian Basin,534030.663,5257981.591,166,,310,,,,,,,,
Tasmanian Basin,527490.28,5257918.096,46,,310,,,,,,,,
Tasmanian Basin,538408.19,5251297.96,192,,310,,,,,,,,
Tasmanian Basin,538573.254,5250407.131,164,,310,,,,,,,,
Tasmanian Basin,512151.493,5241254.437,269,,470,,,,,,,,
Tasmanian Basin,515499.019,5265025.661,349,,470,,,,,,,,
Tasmanian Basin,528806.89,5261997.121,170,,470,,,,,,,,
Tasmanian Basin,537256.321,5253311.786,173,,470,,,,,,,,
Tasmanian Basin,519567.589,5245797.56,491,,470,,,,,,,,
Tasmanian Basin,533947.109,5259181.601,151,,470,,,,,,,,
Tasmanian Basin,531147.039,5262502.127,281,,470,,,,,,,,
Tasmanian Basin,528319.505,5261758.616,129,,470,,,,,,,,
Tasmanian Basin,514406.921,5264685.664,405,,470,,,,,,,,
Tasmanian Basin,537201.114,5253353.191,170,,470,,,,,,,,
Tasmanian Basin,512591.045,5263972.161,315,,470,,,,,,,,
Tasmanian Basin,511920.529,5241818.437,306,,470,,,,,,,,
Tasmanian Basin,537076.898,5253385.97,160,,470,,,,,,,,
Tasmanian Basin,520354.245,5247508.064,542,,470,,,,,,,,
Tasmanian Basin,530210.653,5262274.124,203,,470,,,,,,,,
Tasmanian Basin,520583.925,5251673.564,610,,470,,,,,,,,
Tasmanian Basin,531003.787,5262453.627,273,,470,,,,,,,,
Tasmanian Basin,531261.602,5262628.128,290,,470,,,,,,,,
Tasmanian Basin,511926.969,5242111.938,344,,470,,,,,,,,
Tasmanian Basin,529897.962,5262225.623,180,,470,,,,,,,,
Tasmanian Basin,519062.417,5252540.068,632,,470,,,,,,,,
Tasmanian Basin,530772.282,5261857.124,272,,470,,,,,,,,
Tasmanian Basin,527982.748,5262067.614,100,,470,,,,,,,,
Tasmanian Basin,534025.172,5259108.6,148,,470,,,,,,,,
Tasmanian Basin,513693.889,5262734.66,292,,470,,,,,,,,
Tasmanian Basin,519991.036,5251883.064,640,,470,,,,,,,,
Tasmanian Basin,512748.982,5264547.662,345,,470,,,,,,,,
Tasmanian Basin,512741.732,5264400.662,337,,470,,,,,,,,
Tasmanian Basin,524577.251,5244009.577,148,,470,,,,,,,,
Tasmanian Basin,534075.026,5258841.097,137,,470,,,,,,,,
Tasmanian Basin,528785.765,5262066.121,172,,470,,,,,,,,
Tasmanian Basin,529361.741,5258609.056,168,,470,,,,,,,,
Tasmanian Basin,529107.802,5258821.104,158,,470,,,,,,,,
Tasmanian Basin,533950.81,5254994.732,110,,470,,,,,,,,
Tasmanian Basin,530154.525,5261790.622,229,,470,,,,,,,,
Tasmanian Basin,525472.963,5241476.541,51,,470,,,,,,,,
Tasmanian Basin,515638.239,5265161.661,356,,470,,,,,,,,
Tasmanian Basin,520566.599,5251577.73,618,,470,,,,,,,,
Tasmanian Basin,526131.509,5239512.036,37,,470,,,,,,,,
Tasmanian Basin,526096.888,5240687.035,60,,470,,,,,,,,
Tasmanian Basin,524062.001,5243366.575,62,,470,,,,,,,,
Tasmanian Basin,520411.215,5248084.563,551,,470,,,,,,,,
Tasmanian Basin,520607.059,5250866.059,588,,470,,,,,,,,
Tasmanian Basin,526285.263,5239226.489,13,,470,,,,,,,,
Tasmanian Basin,535487.976,5253379.069,110,,470,,,,,,,,
Tasmanian Basin,529744.5,5266623.654,180,,470,,,,,,,,
Tasmanian Basin,533931.833,5259251.698,136,,470,,,,,,,,
Tasmanian Basin,530830.966,5260838.118,266,,470,,,,,,,,
Tasmanian Basin,531045.533,5261386.121,299,,470,,,,,,,,
Tasmanian Basin,512288.344,5255138.531,710,,470,,,,,,,,
Tasmanian Basin,530121.963,5261882.622,205,,470,,,,,,,,
Tasmanian Basin,537411.59,5253408.398,211,,470,,,,,,,,
Tasmanian Basin,530158.525,5261615.621,217,,470,,,,,,,,
Tasmanian Basin,530032.915,5265399.639,172,,470,,,,,,,,
Tasmanian Basin,516890.053,5263134.163,429,,470,,,,,,,,
Tasmanian Basin,511978.433,5255266.35,709,,470,,,,,,,,
Tasmanian Basin,516984.809,5262124.174,439,,470,,,,,,,,
Tasmanian Basin,530275.286,5263404.629,196,,470,,,,,,,,
Tasmanian Basin,513905.67,5262888.66,291,,470,,,,,,,,
Tasmanian Basin,512012.776,5241467.937,284,,470,,,,,,,,
Tasmanian Basin,530505.475,5263364.629,210,,470,,,,,,,,
Tasmanian Basin,512699.295,5264119.661,305,,470,,,,,,,,
Tasmanian Basin,530010.105,5265546.141,172,,470,,,,,,,,
Tasmanian Basin,512576.402,5241484.941,321,,470,,,,,,,,
Tasmanian Basin,512197.108,5263877.661,305,,470,,,,,,,,
Tasmanian Basin,524146.221,5243594.577,84,,470,,,,,,,,
Tasmanian Basin,530984.719,5261274.12,297,,470,,,,,,,,
Tasmanian Basin,530129.588,5261940.123,215,,470,,,,,,,,
Tasmanian Basin,530139.961,5261267.62,199,,470,,,,,,,,
Tasmanian Basin,530963.635,5258917.596,159,,470,,,,,,,,
Tasmanian Basin,535675.656,5267091.128,34,,470,,,,,,,,
Tasmanian Basin,531032.47,5261421.121,297,,470,,,,,,,,
Tasmanian Basin,514506.109,5264758.664,409,,470,,,,,,,,
Tasmanian Basin,520609.184,5250811.058,590,,470,,,,,,,,
Tasmanian Basin,516690.738,5263266.161,488,,500,,,,,,,,
Tasmanian Basin,524817.409,5241631.545,54,,500,,,,,,,,
Tasmanian Basin,512774.72,5259864.069,232,,500,,,,,,,,
Tasmanian Basin,525931.64,5240931.536,84,,500,,,,,,,,
Tasmanian Basin,513034.045,5243430.968,400,,500,,,,,,,,
Tasmanian Basin,512119.403,5259502.927,249,,500,,,,,,,,
Tasmanian Basin,516226.361,5264268.156,461,,500,,,,,,,,
Tasmanian Basin,516229.642,5264200.656,459,,500,,,,,,,,
Tasmanian Basin,524131.685,5243052.07,82,,500,,,,,,,,
Tasmanian Basin,516736.641,5263104.266,483,,500,,,,,,,,
Tasmanian Basin,514278.201,5262738.16,399,,500,,,,,,,,
Tasmanian Basin,512997.731,5243274.965,399,,500,,,,,,,,
Tasmanian Basin,516276.767,5264159.656,477,,500,,,,,,,,
Tasmanian Basin,530050.538,5264413.134,236,,500,,,,,,,,
Tasmanian Basin,513056.937,5259990.827,233,,500,,,,,,,,
Tasmanian Basin,525019.272,5241307.538,56,,500,,,,,,,,
Tasmanian Basin,516620.052,5262881.665,477,,500,,,,,,,,
Tasmanian Basin,525909.453,5240977.036,82,,500,,,,,,,,
Tasmanian Basin,516715.899,5262288.065,481,,500,,,,,,,,
Tasmanian Basin,516763.894,5263447.159,488,,500,,,,,,,,
Tasmanian Basin,513001.514,5263041.66,355,,500,,,,,,,,
Tasmanian Basin,516575.047,5263719.655,481,,500,,,,,,,,
Tasmanian Basin,523204.097,5249696.069,260,,500,,,,,,,,
Tasmanian Basin,514145.983,5261994.661,395,,500,,,,,,,,
Tasmanian Basin,529590.245,5266297.65,225,,500,,,,,,,,
Tasmanian Basin,517091.754,5246584.066,481,,500,,,,,,,,
Tasmanian Basin,512027.608,5263580.66,372,,500,,,,,,,,
Tasmanian Basin,524895.907,5241591.544,53,,500,,,,,,,,
Tasmanian Basin,512318.452,5263901.661,376,,500,,,,,,,,
Tasmanian Basin,526118.947,5239823.535,69,,500,,,,,,,,
Tasmanian Basin,530892.318,5258597.093,213,,500,,,,,,,,
Tasmanian Basin,523689.35,5243955.081,116,,500,,,,,,,,
Tasmanian Basin,529741.474,5264911.136,218,,500,,,,,,,,
Tasmanian Basin,512636.004,5259849.719,244,,500,,,,,,,,
Tasmanian Basin,535500.594,5267120.129,58,,500,,,,,,,,
Tasmanian Basin,516287.552,5264857.657,490,,500,,,,,,,,
Tasmanian Basin,512953.917,5243118.462,389,,500,,,,,,,,
Tasmanian Basin,513814.076,5264192.162,446,,500,,,,,,,,
Tasmanian Basin,513047.371,5260088.886,242,,500,,,,,,,,
Tasmanian Basin,524305.326,5241903.053,32,,500,,,,,,,,
Tasmanian Basin,529055.267,5262083.622,283,,500,,,,,,,,
Tasmanian Basin,523713.475,5243928.081,117,,500,,,,,,,,
Tasmanian Basin,513850.826,5263113.16,354,,500,,,,,,,,
Tasmanian Basin,529951.849,5264023.132,212,,500,,,,,,,,
Tasmanian Basin,519790.777,5246770.062,572,,500,,,,,,,,
Tasmanian Basin,513992.482,5264516.664,460,,500,,,,,,,,
Tasmanian Basin,526037.511,5240585.033,81,,500,,,,,,,,
Tasmanian Basin,519563.434,5246798.562,557,,500,,,,,,,,
Tasmanian Basin,520412.904,5248256.563,627,,500,,,,,,,,
Tasmanian Basin,528550.635,5262083.12,229,,500,,,,,,,,
Tasmanian Basin,519615.808,5246265.561,530,,500,,,,,,,,
Tasmanian Basin,531080.321,5258674.592,220,,500,,,,,,,,
Tasmanian Basin,516774.019,5263507.659,494,,500,,,,,,,,
Tasmanian Basin,512796.245,5259988.436,227,,500,,,,,,,,
Tasmanian Basin,529514.569,5266921.157,217,,500,,,,,,,,
Tasmanian Basin,529170.577,5262804.622,306,,500,,,,,,,,
Tasmanian Basin,516273.333,5264827.157,495,,500,,,,,,,,
Tasmanian Basin,525584.334,5241329.539,76,,500,,,,,,,,
Tasmanian Basin,530033.16,5263537.629,266,,500,,,,,,,,
Tasmanian Basin,513596.92,5262843.66,383,,500,,,,,,,,
Tasmanian Basin,526003.258,5239553.535,49,,500,,,,,,,,
Tasmanian Basin,514346.326,5261793.162,390,,500,,,,,,,,
Tasmanian Basin,529163.515,5262647.622,289,,500,,,,,,,,
Tasmanian Basin,529998.352,5265172.138,241,,500,,,,,,,,
Tasmanian Basin,529955.223,5263898.131,211,,500,,,,,,,,
Tasmanian Basin,523561.973,5243321.075,52,,500,,,,,,,,
Tasmanian Basin,512093.095,5259462.269,248,,500,,,,,,,,
Tasmanian Basin,528973.391,5262117.622,270,,500,,,,,,,,
Tasmanian Basin,528196.816,5262631.617,206,,500,,,,,,,,
Tasmanian Basin,515587.174,5264830.16,416,,500,,,,,,,,
Tasmanian Basin,530950.506,5258500.091,210,,500,,,,,,,,
Tasmanian Basin,524594.664,5241753.549,47,,500,,,,,,,,
Tasmanian Basin,535549.218,5267001.628,71,,500,,,,,,,,
Tasmanian Basin,515050.236,5264937.663,429,,500,,,,,,,,
Tasmanian Basin,530155.349,5263540.63,264,,500,,,,,,,,
